https://cdn.discordapp.com/attachments/1148041799101845597/1299006595266773012/Menu-E-01.png?ex=671ba1aa&is=671a502a&hm=4644bca91b9ddacd93b2b716c9dc8dc9bf7c9c0d1b680c66aa87496c0f9d8f5b&
初鹿鮮奶茶
50
55
010
初鹿鮮奶綠
50
55
010
紅豆鮮奶茶
55
60
010
布丁鮮奶茶
60
65
010
珍珠鮮奶茶
55
60
010
珍珠鮮奶綠
55
60
010
大甲芋頭鮮奶
65
80
110
芋頭西米露
60
0
100
芋泥珠珠
65
80
110
柳橙綠茶
0
60
000
柳橙寒天
0
65
000
柳橙檸檬
0
60
000
葡萄柚綠茶
0
60
000
葡萄柚寒天
0
65
000
柚果粒
0
65
000
招牌水果茶
0
55
010
百香雙Q
0
50
000
百香蘆薈
0
45
000
百香綠茶
0
45
000
金桔檸檬
0
45
010
檸檬汁
0
40
000
台東洛神花茶
0
45
110
洛神梅
0
50
110
洛神寒天
0
55
000
黑糖珍珠鮮奶
55
0
010
黑糖紅豆鮮奶
60
0
010
黑糖布丁鮮奶
65
0
010
脆梅綠茶
0
40
000
四季雙Q
0
40
000
蔓越莓青茶
0
40
000
冰淇淋紅茶
0
40
000
寒天愛玉
0
50
000
梅子綠茶
0
40
010
黑砂糖仙草凍
0
30
000
多多綠
0
45
000
檸檬多多
0
50
000
蜂蜜蘆薈
0
45
000
蜂蜜檸檬蘆薈
0
55
000
仙楂紅烏龍
0
45
000
奶蓋巧克力
0
55
000
奶蓋綠茶
0
45
000
奶蓋紅茶
0
45
000
奶蓋青茶
0
50
000
奶蓋紅烏龍
0
50
000
波波拿鐵
0
65
010
紅烏龍拿鐵
0
60
010
奶茶
0
40
010
奶綠
0
40
010
芋園奶茶
0
45
010
仙草奶凍
0
45
010
珍珠奶茶
0
45
010
椰果奶茶
0
45
010
紅豆奶茶
0
50
010
布丁奶茶
0
55
010
阿華田
0
50
010
四季春青茶
0
30
010
茉香綠茶
0
25
010
熟成綠茶
0
25
010
古早味紅茶
0
25
010
冬瓜檸檬
0
40
000
古早味冬瓜茶
0
25
000
冬瓜青茶
0
40
000
冬瓜鮮奶
0
50
010
綠豆冰沙
0
50
000
百香果冰沙
0
50
000
阿華田冰沙
0
55
000
綠豆沙牛奶
0
60
000
梅子可樂
0
30
000
夏之戀
0
45
000
草莓蘇打
0
45
000